[?25l[0m [38;2;0;0;0m           [0m [38;2;15;19;15m▁[38;2;13;16;13m▁▁[0m   [38;2;0;0;0m           [0m
 [38;2;0;0;0m         [0m [38;2;6;9;6;48;2;1;1;1m╴[38;2;132;7;0;48;2;7;3;2m▂[38;2;178;9;0;48;2;1;0;0m▄[38;2;191;10;0;48;2;3;0;0m▄[38;2;189;10;0;48;2;1;0;0m▄[48;2;0;0;0m▄[38;2;174;9;0m▄[38;2;184;9;0;48;2;12;2;1m▂[38;2;0;0;0m┈[48;2;1;2;1m╴[0m [38;2;0;0;0m        [0m
 [38;2;0;0;0m        [0m [38;2;0;0;0;48;2;2;2;2m┊[38;2;55;2;19;48;2;176;9;3m▋[48;2;198;10;0m  [38;2;81;4;0;48;2;197;10;0m▂[38;2;0;0;0;48;2;183;9;0m▂[38;2;5;0;0;48;2;190;10;0m▃[38;2;23;1;0;48;2;198;10;0m▄[38;2;19;1;0;48;2;197;10;0m▄[38;2;0;0;0;48;2;167;8;0m▃[38;2;136;7;1;48;2;11;0;0m╸[38;2;0;0;0;48;2;0;0;0m┈[0m[38;2;5;6;5m┑[0m [38;2;2;2;2m      [0m
 [38;2;0;0;0m        [7m[38;2;2;3;3m╴[0m[38;2;8;0;3;48;2;97;2;43m▊[38;2;129;3;52;48;2;193;10;4m▎[48;2;198;10;0m [38;2;184;9;0;48;2;41;2;0m▌[38;2;4;6;6;48;2;29;41;45m▉[38;2;116;159;175;48;2;48;66;73m▗[38;2;143;197;216;48;2;13;18;20m▆[38;2;144;194;212;48;2;4;7;8m▇[38;2;222;238;240;48;2;58;81;89m▇[38;2;229;244;242;48;2;64;89;98m▇[38;2;237;244;247;48;2;52;72;80m▆[38;2;234;242;245;48;2;32;44;49m▅[38;2;146;181;194;48;2;7;10;11m▄[38;2;0;0;0;48;2;11;14;15m┈[0m [38;2;6;7;6m     [0m
 [38;2;0;0;0m    [0m [38;2;6;7;6;48;2;1;2;1m╵[38;2;166;9;0;48;2;9;2;1m▂[38;2;168;8;0;48;2;2;3;2m▃[38;2;20;1;1;48;2;0;0;0m▏[38;2;19;0;8;48;2;118;2;53m▍[38;2;130;3;51;48;2;195;10;3m▎[48;2;198;10;0m [38;2;174;9;0;48;2;6;0;0m▌[38;2;3;4;4;48;2;57;78;86m▊[38;2;72;99;109;48;2;73;100;110m┊[38;2;77;106;117;48;2;133;183;200m▄[38;2;74;102;112;48;2;141;194;213m▂[38;2;78;107;117;48;2;146;199;218m▂[38;2;76;105;115;48;2;148;200;218m▂[38;2;72;99;109;48;2;153;201;216m▂[38;2;84;116;127;48;2;161;208;224m▃[38;2;75;103;113;48;2;143;195;213m▃[38;2;97;134;147;48;2;10;13;15m▌[38;2;0;0;0;48;2;3;3;3m╴[0m[38;2;0;0;0m     [0m
 [38;2;0;0;0m    [38;2;14;17;14;48;2;2;3;2m┊[38;2;1;0;0;48;2;89;4;17m▊[38;2;133;3;49;48;2;197;10;0m▄[38;2;159;6;28;48;2;69;3;7m▉[38;2;0;0;0;48;2;1;0;0m┈[38;2;5;0;2;48;2;113;2;51m▎[38;2;132;3;49;48;2;195;10;3m▌[48;2;198;10;0m [38;2;188;10;0;48;2;119;6;0m▉[38;2;129;6;0;48;2;10;0;0m▖[38;2;3;5;5;48;2;52;72;79m▆[38;2;9;13;15;48;2;70;96;106m▄[38;2;1;1;1;48;2;68;94;104m▂[38;2;4;6;7;48;2;71;98;108m▂[38;2;2;3;4;48;2;71;97;107m▂[38;2;6;9;10;48;2;71;98;108m▃[38;2;4;6;6;48;2;70;96;106m▄[38;2;1;1;1;48;2;55;76;83m▅[38;2;0;0;0;48;2;1;2;2m┈[0m[38;2;5;6;5m┛     [0m
 [38;2;0;0;0m    [48;2;3;3;3m┊[38;2;3;0;1;48;2;111;2;50m▋[48;2;122;2;55m [38;2;116;2;52;48;2;12;0;5m▉[48;2;0;0;0m [38;2;11;0;4;48;2;118;2;53m▎[38;2;176;8;17;48;2;127;3;52m▝[48;2;198;10;0m   [38;2;188;10;0;48;2;32;1;0m▇[38;2;197;10;0;48;2;29;1;0m▅[38;2;188;10;0;48;2;0;0;0m▅[38;2;191;10;0;48;2;1;0;0m▅[38;2;198;10;0;48;2;32;1;0m▅[38;2;196;10;0;48;2;20;1;0m▆[38;2;194;10;0;48;2;33;1;0m▇[38;2;172;8;14;48;2;12;0;5m▌[38;2;0;0;0;48;2;2;2;2m┊[0m [38;2;0;0;0m     [0m
 [38;2;0;0;0m    [48;2;3;4;4m┊[38;2;2;0;1;48;2;110;2;49m▌[48;2;122;2;55m [38;2;116;2;53;48;2;15;0;6m▉[48;2;0;0;0m [38;2;11;0;4;48;2;118;2;53m▎[48;2;122;2;55m [38;2;127;3;52;48;2;187;9;9m▖[48;2;198;10;0m        [38;2;195;10;3;48;2;166;7;26m▉[38;2;126;3;50;48;2;7;0;3m▋[38;2;0;0;0;48;2;8;10;8m▉[0m [38;2;7;9;7m     [0m
 [38;2;0;0;0m    [38;2;10;13;10;48;2;3;4;3m╴[38;2;5;0;2;48;2;111;2;50m▋[48;2;122;2;55m [38;2;122;2;55;48;2;53;1;21m▉[38;2;0;0;0;48;2;1;0;0m┊[38;2;9;0;3;48;2;117;2;53m▎[48;2;122;2;55m [38;2;122;2;55;48;2;124;2;54m┊[38;2;133;3;47;48;2;189;9;8m▅[38;2;132;3;51;48;2;198;10;0m▃[38;2;124;3;54;48;2;196;10;2m▂[38;2;122;3;55;48;2;195;10;3m▁[38;2;123;3;55;48;2;198;10;1m▁[48;2;197;10;1m▁[38;2;136;4;49;48;2;198;10;0m▂[38;2;128;3;52;48;2;195;10;3m▃[38;2;173;8;20;48;2;123;2;54m▘[38;2;114;2;51;48;2;12;0;5m▌[38;2;0;0;0;48;2;2;3;2m┊[0m [38;2;0;0;0m     [0m
 [38;2;0;0;0m    [38;2;7;9;7m┕[38;2;1;2;1;48;2;10;0;5m▁[38;2;19;0;8;48;2;120;2;54m▄[38;2;19;0;7;48;2;122;2;55m▃[38;2;37;1;14;48;2;0;0;0m▏[38;2;19;0;8;48;2;119;2;54m▍[48;2;122;2;55m   [38;2;122;2;55;48;2;118;2;53m┊[38;2;8;0;3;48;2;121;2;54m▂[38;2;26;0;10;48;2;122;2;55m▂[38;2;1;0;0;48;2;119;2;54m▁[38;2;2;0;1;48;2;121;2;55m▁[48;2;120;2;54m▁[38;2;84;2;37;48;2;119;2;54m▁[48;2;122;2;55m [38;2;81;2;36;48;2;3;0;1m▎[38;2;2;3;2;48;2;2;3;2m╴[0m[38;2;2;3;2m      [0m
 [38;2;0;0;0m     [0m   [38;2;16;19;16;48;2;2;2;2m╴[38;2;3;0;1;48;2;109;2;49m▌[48;2;122;2;55m   [38;2;117;2;53;48;2;11;0;5m▋[48;2;0;0;0m [0m [38;2;16;20;17;48;2;0;1;0m╸[38;2;110;2;49;48;2;13;0;5m▗[38;2;120;2;54;48;2;37;1;16m▆[48;2;122;2;55m [38;2;116;2;52;48;2;17;0;7m▊[48;2;0;0;0m [0m[38;2;8;10;9m▎      [0m
 [38;2;0;0;0m       [0m [7m[38;2;7;8;7m╴[0m[38;2;5;0;2;48;2;93;2;42m▊[38;2;123;2;55;48;2;119;2;54m┈[48;2;122;2;55m [38;2;122;2;55;48;2;120;2;54m┈[38;2;94;2;42;48;2;5;0;2m▋[38;2;0;0;0;48;2;4;5;4m┈[0m[38;2;57;61;62m▃[38;2;43;46;47;48;2;5;6;5m▃[38;2;106;2;47;48;2;7;0;3m▝[38;2;7;0;2;48;2;121;2;54m▃[38;2;6;0;2;48;2;120;2;54m▃[38;2;123;2;55;48;2;22;0;10m▘[38;2;44;45;45;48;2;5;6;5m▁[0m [38;2;23;26;25m      [0m
 [38;2;0;0;0m      [7m[38;2;43;46;46m▃[38;2;55;59;60m▂[38;2;48;52;53m▁[0m[38;2;52;57;57;48;2;3;3;3m▄[38;2;50;54;55;48;2;6;1;3m▃[38;2;54;58;59;48;2;17;2;9m▂[38;2;55;59;60;48;2;10;5;7m▂[38;2;50;54;55;48;2;3;3;3m▄[38;2;53;57;58;48;2;20;22;22m▆[48;2;55;59;60m  [38;2;54;58;59;48;2;12;14;14m▇[38;2;53;57;58;48;2;0;0;0m▇▇[48;2;10;11;11m▇[0m[7m[38;2;55;59;59m▁[38;2;54;58;59m▂[38;2;34;37;37m▃[0m[38;2;4;5;5m     [0m
 [38;2;0;0;0m         [0m  [7m[38;2;46;49;49m▇[38;2;60;66;65m▇[38;2;55;59;60m▇▇▇▇[38;2;62;68;66m▇[38;2;43;49;48m▇[0m  [38;2;0;0;0m        [0m
[?25h